                   201   NumCoords   ! The number of coordinates in the airfoil shape file (including an extra coordinate for airfoil reference).  Set to zero if coordinates not included.
! ......... x-y coordinates are next if NumCoords > 0 .............
! x-y coordinate of airfoil reference
!  x/c        y/c
 0.330148       0
! coordinates of airfoil shape
! interpolation to 200 points
!  x/c        y/c
 1.00000000000000e+00 -1.24716414807046e-02
 9.82431862982060e-01 -8.13344593017499e-03
 9.64602381450623e-01 -4.84555200171462e-03
 9.46597557360275e-01 -2.77757526195821e-03
 9.28537690783304e-01 -1.78080097702640e-03
 9.10482789809254e-01 -1.60150637060964e-03
 8.92476922632779e-01 -2.22132733536840e-03
 8.74561854899574e-01 -3.61997258623312e-03
 8.56772998760488e-01 -5.74328558484173e-03
 8.39140027534774e-01 -8.53732447333386e-03
 8.21677585719905e-01 -1.19027434052669e-02
 8.04404032423066e-01 -1.57959072476999e-02
 7.87327221897319e-01 -2.01489859329288e-02
 7.70465590815883e-01 -2.49494854084457e-02
 7.53820795714301e-01 -3.01350517783688e-02
 7.37390192333790e-01 -3.56426003655798e-02
 7.21165473056831e-01 -4.14060206778530e-02
 7.05140523899600e-01 -4.73743448850759e-02
 6.89310352820561e-01 -5.35066810941321e-02
 6.73658633803738e-01 -5.97383800633274e-02
 6.58173398222024e-01 -6.60206442168907e-02
 6.42844168228515e-01 -7.23115012255090e-02
 6.27657574715428e-01 -7.85638443768117e-02
 6.12604482791054e-01 -8.47419733894474e-02
 5.97682838320954e-01 -9.08277871658028e-02
 5.82885781399903e-01 -9.67915529388273e-02
 5.68197402456739e-01 -1.02580394353290e-01
 5.53623579856665e-01 -1.08195018453526e-01
 5.39153642174866e-01 -1.13592921228580e-01
 5.24792224100305e-01 -1.18770718410280e-01
 5.10538162510671e-01 -1.23708773367125e-01
 4.96396389248688e-01 -1.28403334112936e-01
 4.82366924213479e-01 -1.32836287695871e-01
 4.68455943753075e-01 -1.37007654309896e-01
 4.54664011489397e-01 -1.40897771001234e-01
 4.40998076595872e-01 -1.44508401832356e-01
 4.27456412587277e-01 -1.47808406697642e-01
 4.14051628636845e-01 -1.50818386223861e-01
 4.00788175798624e-01 -1.53531058853139e-01
 3.87674757625854e-01 -1.55956627208133e-01
 3.74715699769713e-01 -1.58084531764067e-01
 3.61921129574157e-01 -1.59938600205491e-01
 3.49294931822470e-01 -1.61506817615842e-01
 3.36845433578959e-01 -1.62808380861705e-01
 3.24576721226082e-01 -1.63835278832275e-01
 3.12496194368551e-01 -1.64605266280588e-01
 3.00607718837278e-01 -1.65110308070207e-01
 2.88917307080715e-01 -1.65378675868735e-01
 2.77429525058337e-01 -1.65404697040043e-01
 2.66148780722980e-01 -1.65201238628392e-01
 2.55079310210138e-01 -1.64762627713294e-01
 2.44225965960369e-01 -1.64094340967719e-01
 2.33590785969188e-01 -1.63220890629842e-01
 2.23178004345351e-01 -1.62132762778786e-01
 2.12990615469093e-01 -1.60842860586527e-01
 2.03031447464392e-01 -1.59355539996413e-01
 1.93301177386529e-01 -1.57690037913599e-01
 1.83804924631945e-01 -1.55836740062690e-01
 1.74541589344871e-01 -1.53817073105277e-01
 1.65512635082442e-01 -1.51637604506415e-01
 1.56724773556512e-01 -1.49284316231991e-01
 1.48176333364342e-01 -1.46776679586835e-01
 1.39868270314834e-01 -1.44122200993861e-01
 1.31804015592696e-01 -1.41320325113149e-01
 1.23982212604995e-01 -1.38384271227417e-01
 1.16400950591442e-01 -1.35327150270175e-01
 1.09066997676672e-01 -1.32139687653404e-01
 1.01976418607103e-01 -1.28838885661951e-01
 9.51341214554024e-02 -1.25422061536144e-01
 8.85408673489237e-02 -1.21895572132772e-01
 8.21986310338307e-02 -1.18263492929978e-01
 7.61070214866575e-02 -1.14533322974165e-01
 7.02653775737411e-02 -1.10712848722621e-01
 6.46742617409290e-02 -1.06806687527938e-01
 5.93341871784233e-02 -1.02823643943634e-01
 5.42367487455980e-02 -9.87806132875911e-02
 4.93814110635000e-02 -9.46830449084453e-02
 4.47693837022395e-02 -9.05316448282217e-02
 4.04041914008807e-02 -8.63302620279559e-02
 3.62832806961585e-02 -8.20882912599507e-02
 3.24018072567129e-02 -7.78132587807459e-02
 2.87676633583805e-02 -7.35077361617496e-02
 2.53796504494955e-02 -6.91813058643319e-02
 2.22267017139329e-02 -6.48405494635811e-02
 1.93000713536649e-02 -6.05054543796232e-02
 1.65923835844724e-02 -5.61817569092951e-02
 1.40910102820589e-02 -5.18777957395449e-02
 1.18148388446959e-02 -4.75958932637455e-02
 9.74287138610734e-03 -4.33385152403618e-02
 7.92442900801401e-03 -3.91055577107575e-02
 6.32243480969168e-03 -3.49002505853421e-02
 4.95356298881905e-03 -3.07423202836866e-02
 3.77772970868960e-03 -2.66333489264425e-02
 2.82393106497950e-03 -2.25888444882052e-02
 2.03063806675325e-03 -1.86103286704671e-02
 1.34968741002696e-03 -1.47205431820994e-02
 7.50697879467872e-04 -1.09160584674168e-02
 3.78547664291738e-04 -7.19464958662265e-03
 1.17272586087904e-04 -3.55170825451966e-03
 0.00000000000000e+00  0.00000000000000e+00
 1.09527538564700e-04  3.54925468221074e-03
 3.85722159210793e-04  7.18791239038225e-03
 7.56783718400044e-04  1.09008009353959e-02
 1.33925222499067e-03  1.47020249980392e-02
 1.99900503505260e-03  1.85889231975785e-02
 2.74361927997459e-03  2.25648186936461e-02
 3.60753042488426e-03  2.66186942383314e-02
 4.61873535766676e-03  3.07528451996267e-02
 5.80872997274280e-03  3.49443306232091e-02
 7.23772701105238e-03  3.91872378231683e-02
 8.88868654278557e-03  4.34614507925380e-02
 1.08039554999866e-02  4.77600251002702e-02
 1.29210124999171e-02  5.20880090331185e-02
 1.52591320345478e-02  5.64431465552083e-02
 1.77959872882007e-02  6.08224532786987e-02
 2.05467189152657e-02  6.52197963272549e-02
 2.35183961175229e-02  6.96282432593563e-02
 2.67103748281106e-02  7.40377255808254e-02
 3.01350035150800e-02  7.84410004743608e-02
 3.37990480642794e-02  8.28249640093483e-02
 3.77020626440934e-02  8.71812771586229e-02
 4.18483150389438e-02  9.15052223176029e-02
 4.62333082325047e-02  9.57948174877959e-02
 5.08686170762402e-02  1.00027821838222e-01
 5.57521382938340e-02  1.04203690269650e-01
 6.08823741868738e-02  1.08317983267666e-01
 6.62706723504865e-02  1.12349370527293e-01
 7.19121692504928e-02  1.16293768074674e-01
 7.78093921652344e-02  1.20140621019591e-01
 8.39641892002403e-02  1.23878866497063e-01
 9.03759644721999e-02  1.27500415615565e-01
 9.70410358485402e-02  1.31001893666918e-01
 1.03959725681671e-01  1.34372704534388e-01
 1.11129488585335e-01  1.37606664311199e-01
 1.18553269145540e-01  1.40685335330657e-01
 1.26227052484804e-01  1.43605610269837e-01
 1.34143213943265e-01  1.46375280961280e-01
 1.42302611536700e-01  1.48978509499737e-01
 1.50701764715510e-01  1.51412643418562e-01
 1.59338036147989e-01  1.53671188085247e-01
 1.68213212247486e-01  1.55728030338211e-01
 1.77319221661109e-01  1.57597947668649e-01
 1.86652821399840e-01  1.59276386514112e-01
 1.96211327283144e-01  1.60754771759873e-01
 2.05992026464663e-01  1.62025877092258e-01
 2.15988522543236e-01  1.63103252697363e-01
 2.26199095715560e-01  1.63971936468731e-01
 2.36618160667428e-01  1.64656024021047e-01
 2.47243934851353e-01  1.65139202270984e-01
 2.58072913601901e-01  1.65460612433124e-01
 2.69102239385191e-01  1.65568846651661e-01
 2.80329171180326e-01  1.65499893910821e-01
 2.91751036455783e-01  1.65226616779088e-01
 3.03365036395547e-01  1.64762411343436e-01
 3.15169741424207e-01  1.64128694105577e-01
 3.27162327743298e-01  1.63313782818719e-01
 3.39339826363803e-01  1.62313251206287e-01
 3.51701222531547e-01  1.61142956798341e-01
 3.64243618714448e-01  1.59799862797051e-01
 3.76964168467372e-01  1.58279672610947e-01
 3.89861455191862e-01  1.56594071505751e-01
 4.02933090414344e-01  1.54743915722535e-01
 4.16177676051896e-01  1.52739124204442e-01
 4.29591181023256e-01  1.50570261510901e-01
 4.43173387946563e-01  1.48255098219699e-01
 4.56920731813228e-01  1.45789154270952e-01
 4.70829978226600e-01  1.43172708489594e-01
 4.84901217436087e-01  1.40423328591609e-01
 4.99132466630273e-01  1.37547124564061e-01
 5.13522560821150e-01  1.34555175716717e-01
 5.28066856509154e-01  1.31442033981891e-01
 5.42762214482040e-01  1.28210979162775e-01
 5.57608387610571e-01  1.24878351643816e-01
 5.72601018314608e-01  1.21442892617313e-01
 5.87736740244500e-01  1.17908268084170e-01
 6.03009838222404e-01  1.14269378606668e-01
 6.18422257760618e-01  1.10553855417251e-01
 6.33963413024293e-01  1.06737959181011e-01
 6.49634352099077e-01  1.02846578938555e-01
 6.65429428585044e-01  9.88779939067335e-02
 6.81342540787327e-01  9.48294109152335e-02
 6.97372097439943e-01  9.07168084155393e-02
 7.13512044261550e-01  8.65390837704057e-02
 7.29755318598122e-01  8.22921652727047e-02
 7.46100844739563e-01  7.79954869319343e-02
 7.62542823012318e-01  7.36509875792823e-02
 7.79076869277767e-01  6.92665862746219e-02
 7.95698805925872e-01  6.48515084708125e-02
 8.12402714692888e-01  6.04089704236048e-02
 8.29181841261961e-01  5.59395761727944e-02
 8.46031758830174e-01  5.14532130907716e-02
 8.62950731757102e-01  4.69702406401168e-02
 8.79934180483879e-01  4.25010562148104e-02
 8.96971131455511e-01  3.80321364026563e-02
 9.14061252346961e-01  3.35908184594226e-02
 9.31201853311933e-01  2.91963540971312e-02
 9.48384213626330e-01  2.48448911742474e-02
 9.65590036591515e-01  2.04611077428557e-02
 9.82798000156715e-01  1.60587862497611e-02
 1.00000000000000e+00  1.16349640688447e-02
