                   201   NumCoords   ! The number of coordinates in the airfoil shape file (including an extra coordinate for airfoil reference).  Set to zero if coordinates not included.
! ......... x-y coordinates are next if NumCoords > 0 .............
! x-y coordinate of airfoil reference
!  x/c        y/c
 0.439997       0
! coordinates of airfoil shape
! interpolation to 200 points
!  x/c        y/c
 1.00000000000000e+00 -1.06420942616056e-02
 9.87741843813916e-01 -2.26535965422712e-02
 9.74760751665072e-01 -3.37041802955832e-02
 9.61178740911820e-01 -4.90748350243598e-02
 9.47154103120730e-01 -6.69579141852086e-02
 9.32747645956581e-01 -8.70730290938827e-02
 9.17985327753462e-01 -1.09622478666221e-01
 9.02923355728700e-01 -1.33694254369545e-01
 8.87625792785437e-01 -1.58735108639718e-01
 8.72121172896625e-01 -1.84037633754806e-01
 8.56345478551817e-01 -2.06819763280350e-01
 8.40375422449861e-01 -2.26249583165976e-01
 8.24221761313484e-01 -2.45201652819292e-01
 8.07867393557700e-01 -2.63594792427582e-01
 7.91370438060280e-01 -2.81454509433090e-01
 7.74656078323404e-01 -2.98641016702422e-01
 7.57783865404840e-01 -3.15195120729341e-01
 7.40731462596810e-01 -3.31048249813442e-01
 7.23517345509241e-01 -3.46182246252488e-01
 7.06145218670027e-01 -3.60568172513807e-01
 6.88623665409808e-01 -3.74160384695842e-01
 6.70980893782030e-01 -3.86961448180225e-01
 6.53260177507139e-01 -3.99018901273765e-01
 6.35441405330811e-01 -4.10217228479599e-01
 6.17576380456345e-01 -4.20611306049524e-01
 5.99684729967106e-01 -4.30193795828332e-01
 5.81789203781411e-01 -4.38955053787403e-01
 5.63907524531471e-01 -4.46868111951861e-01
 5.46050918935385e-01 -4.53862826968088e-01
 5.28269344949047e-01 -4.60062446298568e-01
 5.10576073902034e-01 -4.65411731148508e-01
 4.93005407806188e-01 -4.69932919138305e-01
 4.75577631842550e-01 -4.73656816301231e-01
 4.58312388627692e-01 -4.76467846370664e-01
 4.41242480307335e-01 -4.78595300997556e-01
 4.24383194142597e-01 -4.79800479358248e-01
 4.07753901402765e-01 -4.75315215884975e-01
 3.91378707469745e-01 -4.67690002076920e-01
 3.75272488984925e-01 -4.58870368751842e-01
 3.59451333198593e-01 -4.49967856728006e-01
 3.43934208370981e-01 -4.40579092564515e-01
 3.28734697892451e-01 -4.29484906233965e-01
 3.13861670461480e-01 -4.18115521309784e-01
 2.99322997210598e-01 -4.05877073830986e-01
 2.85146755377585e-01 -3.92871216452512e-01
 2.71322988633831e-01 -3.79356157654553e-01
 2.57860897210167e-01 -3.64928672960535e-01
 2.44777863309931e-01 -3.51393554835487e-01
 2.32056928359793e-01 -3.39433519174778e-01
 2.19719098286746e-01 -3.27245077905206e-01
 2.07783155977829e-01 -3.14942930649224e-01
 1.96229949422132e-01 -3.02434535719521e-01
 1.85069230230539e-01 -2.89864341646315e-01
 1.74290002759199e-01 -2.82302647535110e-01
 1.63909948919317e-01 -2.76537510169782e-01
 1.53906426396215e-01 -2.70618443311394e-01
 1.44304408867456e-01 -2.64490672209906e-01
 1.35086374223886e-01 -2.58195021550305e-01
 1.26252037231647e-01 -2.51776997329331e-01
 1.17796714952363e-01 -2.45213255048537e-01
 1.09724871034012e-01 -2.38519940039353e-01
 1.02029267492589e-01 -2.31743759511317e-01
 9.47196050096847e-02 -2.24855835448649e-01
 8.77367004651016e-02 -2.17919107055254e-01
 8.11414271320191e-02 -2.10912697970736e-01
 7.48651765159157e-02 -2.03893174743172e-01
 6.89489695985013e-02 -1.96813141863362e-01
 6.33362945914070e-02 -1.89745199382859e-01
 5.80605929587473e-02 -1.82682083610905e-01
 5.31210837216718e-02 -1.75595031302198e-01
 4.84400372424156e-02 -1.68549285360437e-01
 4.40762409261176e-02 -1.61528258410650e-01
 4.00106294177536e-02 -1.54553819721791e-01
 3.61889926567749e-02 -1.47630206972931e-01
 3.26285134899101e-02 -1.40757227996489e-01
 2.93043316228041e-02 -1.33961228724211e-01
 2.62402247342167e-02 -1.27241034438154e-01
 2.33778082581635e-02 -1.20602445637031e-01
 2.07242930560852e-02 -1.14038084034777e-01
 1.82921633534653e-02 -1.07559800295767e-01
 1.60282756894899e-02 -1.01196087948585e-01
 1.40702310996648e-02 -9.49067113777542e-02
 1.22451946107408e-02 -8.87322546320026e-02
 1.06190160138188e-02 -8.26384113367760e-02
 9.11535283328184e-03 -7.66549397835944e-02
 7.75969938045356e-03 -7.07749303166294e-02
 6.52313588110988e-03 -6.50094187353508e-02
 5.45881498148595e-03 -5.93475769571719e-02
 4.50634527900579e-03 -5.38026583675562e-02
 3.69048128561527e-03 -4.83701042872789e-02
 2.95318382075543e-03 -4.30496634655753e-02
 2.28157802344659e-03 -3.78404325974356e-02
 1.70522185148889e-03 -3.27380910787870e-02
 1.24163752041494e-03 -2.77409769814042e-02
 8.44836378268145e-04 -2.28527146809406e-02
 5.35858223691618e-04 -1.80714548748852e-02
 2.98452724662950e-04 -1.33964344798854e-02
 1.31903137624446e-04 -8.82732506635117e-03
 4.26984869469028e-05 -4.36198380565283e-03
 0.00000000000000e+00  0.00000000000000e+00
 6.51173359592149e-05  4.36019215075913e-03
 2.07493148275218e-04  1.13742921598179e-02
 4.50517241346552e-04  1.41220191132938e-02
 7.78030638737304e-04  1.80410822258070e-02
 1.17787980856856e-03  2.28050165043834e-02
 1.65102543055699e-03  2.76721159619650e-02
 2.16975275513856e-03  3.26459812254246e-02
 2.79637420437432e-03  3.77257330661014e-02
 3.51773327486615e-03  4.29129224235372e-02
 4.30885192209694e-03  4.82116918688704e-02
 5.18019585601905e-03  5.36212585821659e-02
 6.17292799521975e-03  5.91353633992427e-02
 7.26067947751623e-03  6.47582113671453e-02
 8.50868776644214e-03  7.04760317882735e-02
 9.87414728156047e-03  7.62979448073666e-02
 1.13809277720534e-02  8.22160468313960e-02
 1.30598229963468e-02  8.82389096537327e-02
 1.49810524625983e-02  9.43475109238862e-02
 1.70479947301396e-02  1.00570024358957e-01
 1.93737648439278e-02  1.06861009374585e-01
 2.18117197536818e-02  1.13263652414313e-01
 2.44319361276142e-02  1.19745910064605e-01
 2.72752781185377e-02  1.26309478187184e-01
 3.03474225291573e-02  1.32953379618092e-01
 3.36595114942193e-02  1.39664690602027e-01
 3.71838177859958e-02  1.46447167179698e-01
 4.09481337248646e-02  1.53280900281495e-01
 4.49692222398878e-02  1.60178859303067e-01
 4.92618211835485e-02  1.67126075407198e-01
 5.38485990468197e-02  1.74093732303090e-01
 5.86690791596149e-02  1.81106108717588e-01
 6.38204114777758e-02  1.88120232899335e-01
 6.92884454170729e-02  1.95142918817658e-01
 7.50329276865238e-02  2.02184043372383e-01
 8.11338782245426e-02  2.09161727523016e-01
 8.75412862845067e-02  2.16146869551424e-01
 9.43273231038223e-02  2.23059667674894e-01
 1.01420006865988e-01  2.29932952862809e-01
 1.08910110074122e-01  2.36686738770029e-01
 1.16748003771714e-01  2.43382288561584e-01
 1.24977424499163e-01  2.49931347746051e-01
 1.33551714736891e-01  2.56369650116968e-01
 1.42527886183155e-01  2.62660522913708e-01
 1.51866691126864e-01  2.70641419235530e-01
 1.61612359285597e-01  2.83771557056365e-01
 1.71726442511441e-01  2.96976562614027e-01
 1.82238878746342e-01  3.10035562092812e-01
 1.93121988242132e-01  3.22907380228544e-01
 2.04400583370558e-01  3.35663183422504e-01
 2.16049711122868e-01  3.50782223963258e-01
 2.28087404221612e-01  3.65262480539945e-01
 2.40510498981738e-01  3.78919597909654e-01
 2.53282237475136e-01  3.91669694435190e-01
 2.66427601268708e-01  4.03826036815531e-01
 2.79930563894530e-01  4.15022450888530e-01
 2.93775666696852e-01  4.25314274186613e-01
 3.07966335726394e-01  4.35000207836217e-01
 3.22477927748184e-01  4.43438701602179e-01
 3.37300113541333e-01  4.51471505993393e-01
 3.52432248277632e-01  4.58491950389654e-01
 3.67853270580402e-01  4.64180756211249e-01
 3.83554586376023e-01  4.69404294994231e-01
 3.99517950459411e-01  4.74121375912530e-01
 4.15732991929831e-01  4.74495387143069e-01
 4.32181843855922e-01  4.73337842718252e-01
 4.48842662057202e-01  4.71359414900685e-01
 4.65710922007505e-01  4.68715978338752e-01
 4.82763816269650e-01  4.65344520189490e-01
 4.99975876888316e-01  4.61137335084130e-01
 5.17339418277771e-01  4.56218665494402e-01
 5.34823516812249e-01  4.50478733312273e-01
 5.52411105377932e-01  4.43950308387343e-01
 5.70093189221667e-01  4.36680380265492e-01
 5.87827670659243e-01  4.28579126070289e-01
 6.05610502839953e-01  4.19719609711235e-01
 6.23417118590382e-01  4.10096385969712e-01
 6.41212131698704e-01  3.99671414278948e-01
 6.59011361742565e-01  3.88571657649946e-01
 6.76737391111524e-01  3.76646452113887e-01
 6.94412891023805e-01  3.64037382872973e-01
 7.12007086550474e-01  3.50732620748898e-01
 7.29487815031984e-01  3.36726476548453e-01
 7.46808666895200e-01  3.21998270376335e-01
 7.63965766229417e-01  3.06615624965628e-01
 7.80952142905935e-01  2.90624873480488e-01
 7.97760528486810e-01  2.74069497636224e-01
 8.14299868460738e-01  2.56884048080509e-01
 8.30621326470576e-01  2.39196033460476e-01
 8.46670178786395e-01  2.20994780341760e-01
 8.62434599663319e-01  2.02324863134737e-01
 8.77882216643945e-01  1.83212485554666e-01
 8.92956131366396e-01  1.63664212790466e-01
 9.07736094739718e-01  1.43794448987990e-01
 9.22156100145181e-01  1.23606414281771e-01
 9.36178489770398e-01  1.03124309893589e-01
 9.49788711146456e-01  8.23895506247303e-02
 9.63007818994230e-01  6.14471364877518e-02
 9.75808694032853e-01  4.02924499691670e-02
 9.88140886998821e-01  1.87984712040185e-02
 1.00000000000000e+00  4.63157593323983e-03
