# Wind speed (m/s) 	 Rotor rotational speed (rpm) 	 Pitch angle (deg) 	 Rotor electrical power (W) 	 Rotor aerodynamic power (W) 	 Rotor thrust (N) 	 Rotor aerodynamic torque (Nm) 	 Blade root flapwise moment (Nm)	 Rotor electrical power coefficient (-) 	 Rotor aerodynamic power coefficient (-) 	 Rotor thrust coefficient (-) 	 Rotor aerodynamic torque coefficient
4.000000000000000000e+00	6.000000000000000000e+00	4.049302450713613943e+00	3.875109723495900398e+05	4.104989113872775924e+05	2.294834668664470664e+05	6.533293088112715632e+05	5.177985705201926641e+06	3.251078849823980099e-01	3.443939459559300920e-01	7.701137761237148993e-01	2.228565231317290035e-02
4.514652562416737069e+00	6.000000000000000000e+00	3.658384846112543887e+00	6.446928924657666357e+05	6.829373860866172472e+05	2.946834653610200621e+05	1.086928608179433271e+06	6.515630921176846139e+06	3.761866281728494799e-01	3.985027840814083788e-01	7.763017654755549612e-01	2.910486199385945230e-02
5.000795687685901214e+00	6.000000000000000000e+00	3.120462077815236768e+00	9.379747990253956523e+05	9.936173718489360763e+05	3.644185436334751430e+05	1.581391162717360537e+06	7.949338067342766561e+06	4.027145387029598678e-01	4.266043842192371871e-01	7.824304039822392864e-01	3.451232969971257392e-02
5.457350016496635092e+00	6.000000000000000000e+00	2.541652659627263056e+00	1.257928477776102256e+06	1.332551353576379595e+06	4.337479679678085959e+05	2.120821348454767838e+06	9.384586812409821898e+06	4.155602463717867345e-01	4.402121253938419132e-01	7.819829934195648979e-01	3.886455152286576870e-02
5.883301884065675225e+00	6.000000000000000000e+00	1.929908027860867792e+00	1.604119995167329907e+06	1.699279655897595221e+06	5.029801679803369334e+05	2.704487569315972738e+06	1.081084089746690355e+07	4.229576890723203419e-01	4.480483994410173199e-01	7.802469277997486907e-01	4.264380164393096612e-02
6.277705570726650031e+00	6.000000000000000000e+00	1.313830789345287853e+00	1.969504269170393469e+06	2.086339268188976217e+06	5.704071289605346974e+05	3.320512074990030844e+06	1.219484400254061259e+07	4.274423707763396196e-01	4.527991215851055462e-01	7.771530060612630297e-01	4.598501893154532949e-02
6.639685401664254805e+00	6.000000000000000000e+00	7.121529476618257970e-01	2.340111432460139040e+06	2.478931602182350587e+06	6.337332806180053158e+05	3.945342180740329437e+06	1.350796669768263586e+07	4.292571166453506004e-01	4.547215218700748074e-01	7.718536866177868605e-01	4.884305982247964806e-02
6.968437691131316392e+00	6.046066369719535594e+00	0.000000000000000000e+00	2.708595629552954808e+06	2.869275031306096353e+06	7.025581607382347574e+05	4.531799120925310999e+06	1.496649995325059071e+07	4.297950236450621131e-01	4.552913386070573387e-01	7.768459631292187195e-01	5.093461180114311482e-02
7.263232526832140046e+00	6.301840938008511195e+00	0.000000000000000000e+00	3.067098714744117111e+06	3.249045248669615947e+06	7.632579499982058769e+05	4.923338593357945792e+06	1.625957922254138067e+07	4.297950236450621131e-01	4.552913386070573387e-01	7.768459631292184975e-01	5.093461180114313563e-02
7.523415390510342249e+00	6.527584918479794496e+00	0.000000000000000000e+00	3.408654893083358184e+06	3.610863234198472928e+06	8.189200852226943243e+05	5.282383053412473761e+06	1.744534204018449783e+07	4.297950236450620576e-01	4.552913386070572832e-01	7.768459631292184975e-01	5.093461180114311482e-02
7.748408611143048574e+00	6.722797103043570033e+00	0.000000000000000000e+00	3.723706606998054776e+06	3.944604456565736327e+06	8.686332925680053886e+05	5.603054396990815178e+06	1.850437566471420601e+07	4.297950236450621686e-01	4.552913386070573942e-01	7.768459631292186085e-01	5.093461180114311482e-02
7.937712647515038356e+00	6.887044071832213454e+00	0.000000000000000000e+00	4.003354316709570121e+06	4.240841437192341313e+06	9.115955291822755244e+05	5.880179106377081946e+06	1.941959428747330606e+07	4.297950236450620576e-01	4.552913386070572832e-01	7.768459631292187195e-01	5.093461180114311482e-02
8.090907197325154954e+00	7.019961155500777039e+00	0.000000000000000000e+00	4.239645745983846486e+06	4.491150154643905349e+06	9.471219032273131888e+05	6.109339337748948485e+06	2.017640775175007805e+07	4.297950236450621686e-01	4.552913386070573942e-01	7.768459631292184975e-01	5.093461180114311482e-02
8.207652130362536269e+00	7.121253244884139022e+00	0.000000000000000000e+00	4.425830054682497866e+06	4.688379295214510523e+06	9.746514269972434267e+05	6.286916481666782871e+06	2.076286541353671998e+07	4.297950236450620021e-01	4.552913386070572277e-01	7.768459631292184975e-01	5.093461180114312176e-02
8.287688243680719324e+00	7.190695446213140052e+00	0.000000000000000000e+00	4.556570853710588068e+06	4.826875904354437254e+06	9.937525416963945609e+05	6.410126800242183730e+06	2.116977383511350304e+07	4.297950236450622241e-01	4.552913386070574497e-01	7.768459631292187195e-01	5.093461180114311482e-02
8.330837837093028497e+00	7.228133580434998429e+00	0.000000000000000000e+00	4.628112983231741004e+06	4.902662058508200571e+06	1.004127363627185812e+06	6.477048816856885329e+06	2.139078724100577831e+07	4.297950236450621686e-01	4.552913386070573942e-01	7.768459631292184975e-01	5.093461180114312870e-02
8.337005107711402019e+00	7.233484525529357612e+00	0.000000000000000000e+00	4.638399089291997254e+06	4.913558357300844975e+06	1.005614613175694016e+06	6.486642209366116673e+06	2.142246991376104951e+07	4.297950236450621686e-01	4.552913386070573942e-01	7.768459631292186085e-01	5.093461180114312176e-02
8.367833852770019121e+00	7.260232649998746624e+00	0.000000000000000000e+00	4.690045494621304795e+06	4.968268532437822782e+06	1.013065527681005071e+06	6.534703778773805127e+06	2.158119572156924009e+07	4.297950236450622796e-01	4.552913386070575052e-01	7.768459631292187195e-01	5.093461180114313563e-02
8.435590165982066679e+00	7.319020456506495798e+00	0.000000000000000000e+00	4.804899690938981250e+06	5.089936113282819279e+06	1.029538007875384064e+06	6.640958286138583906e+06	2.193210670351561531e+07	4.297950236450621131e-01	4.552913386070573387e-01	7.768459631292187195e-01	5.093461180114313563e-02
8.540123611387983260e+00	7.409717421420739747e+00	0.000000000000000000e+00	4.985748651016677730e+06	5.281513401500718668e+06	1.055212079567221925e+06	6.806566974537257105e+06	2.247903792465733737e+07	4.297950236450620576e-01	4.552913386070572832e-01	7.768459631292186085e-01	5.093461180114311482e-02
8.681202098597655237e+00	7.532122174798224989e+00	0.000000000000000000e+00	5.236938939083886333e+06	5.547604808351574466e+06	1.090363171083931811e+06	7.033306473894301802e+06	2.322785679680415615e+07	4.297950236450623351e-01	4.552913386070575608e-01	7.768459631292186085e-01	5.093461180114314257e-02
8.858512398089121831e+00	7.685962947475955431e+00	0.000000000000000000e+00	5.564425113697675057e+06	5.894518128917029127e+06	1.135358551069433102e+06	7.323545823259670287e+06	2.418638719340773672e+07	4.297950236450622241e-01	4.552913386070574497e-01	7.768459631292184975e-01	5.093461180114312870e-02
9.071660836656455729e+00	7.870898174466694819e+00	0.000000000000000000e+00	5.975831242716959678e+06	6.330329706267965958e+06	1.190652560427471297e+06	7.680215714814104140e+06	2.536430787630540505e+07	4.297950236450621686e-01	4.552913386070573942e-01	7.768459631292188305e-01	5.093461180114312176e-02
9.320174171462710433e+00	8.086517253318644904e+00	0.000000000000000000e+00	6.480522085937382653e+06	6.864959836798075587e+06	1.256780684080847073e+06	8.106770254193324596e+06	2.677302620722171292e+07	4.297950236450620576e-01	4.552913386070572832e-01	7.768459631292187195e-01	5.093461180114311482e-02
9.603500640757387075e+00	8.332341455755592818e+00	0.000000000000000000e+00	7.089679768238854595e+06	7.510253991778448224e+06	1.334352519374504453e+06	8.607141603695504367e+06	2.842552835462564230e+07	4.297950236450622241e-01	4.552913386070574497e-01	7.768459631292188305e-01	5.093461180114313563e-02
9.921011188925479729e+00	8.607824990573373469e+00	0.000000000000000000e+00	7.816381142928684130e+06	8.280064770051572472e+06	1.424043708594441414e+06	9.185687943595040590e+06	3.033620743328959495e+07	4.297950236450620576e-01	4.552913386070572832e-01	7.768459631292187195e-01	5.093461180114312176e-02
1.027200086314826777e+01	8.676358514928423915e+00	-1.956670500755868514e-01	8.690612606972049922e+06	9.206157422639884055e+06	1.508264134576238459e+06	1.013239914999548346e+07	3.206188301129810140e+07	4.305352571825933339e-01	4.560754843035946804e-01	7.675219106210823261e-01	5.241014814335516470e-02
1.065569037857486379e+01	8.676358514928423915e+00	-7.569470584501294397e-01	9.716655499206602573e+06	1.029306726610868983e+07	1.617932436990419403e+06	1.132866420049328916e+07	3.434375824362278730e+07	4.312166284857749665e-01	4.567972759383209791e-01	7.651043465732967341e-01	5.445386498659920971e-02
1.075773634661878297e+01	8.676358514928423915e+00	-7.569470584501294397e-01	1.000000000000000000e+07	1.059322033898317814e+07	1.635212159954188624e+06	1.165901600753309391e+07	3.467361429316077381e+07	4.312814548897935252e-01	4.568659479764762277e-01	7.586750258934150670e-01	5.498361601286071848e-02
1.151769067591277995e+01	8.676358514928423915e+00	4.587884327665301853e+00	9.999999661521637812e+06	1.059321998042546399e+07	1.249271941291091498e+06	1.165901561290048808e+07	2.552136031768356636e+07	3.514206079661298388e-01	3.722675931844595665e-01	5.056495638932977377e-01	4.796718743724723982e-02
1.199408760159836973e+01	8.676358514928423915e+00	6.119091443214990989e+00	1.000000010537454858e+07	1.059322045060863160e+07	1.154846103684548289e+06	1.165901613038930856e+07	2.320046714099933207e+07	3.111872737233797315e-01	3.296475357239192494e-01	4.310356122709486648e-01	4.423241606838219930e-02
1.249936090527574351e+01	8.676358514928423915e+00	7.453666363879428935e+00	9.999986887570856139e+06	1.059320644869794138e+07	1.079006652537409682e+06	1.165900071973082423e+07	2.129465585334233567e+07	2.749536435989509697e-01	2.912644529649904279e-01	3.708275390148727535e-01	4.072854589223295907e-02
1.303238875385397399e+01	8.676358514928423915e+00	8.674208568296487343e+00	1.000003442874381691e+07	1.059325681010997668e+07	1.014926632006717380e+06	1.165905614806048386e+07	1.964706455047263578e+07	2.425788253148929152e-01	2.569690946132340281e-01	3.208559287394011084e-01	3.746524119599931729e-02
1.359198769221171865e+01	8.676358514928423915e+00	9.820457361305548361e+00	1.000002349595197476e+07	1.059324522876268625e+07	9.592766150388917886e+05	1.165904340150097385e+07	1.818085117070741579e+07	2.138334167044390055e-01	2.265184498987701522e-01	2.788055309144137905e-01	3.444372916855893002e-02
1.417691527076352642e+01	8.676358514928423915e+00	1.091438895799287856e+01	1.000001775337508135e+07	1.059323914552445151e+07	9.101565717779478291e+05	1.165903670622138120e+07	1.685263293252228573e+07	1.884425673192807460e-01	1.996213636856787599e-01	2.431510192490005939e-01	3.166010668389212385e-02
1.478587280400862625e+01	8.676358514928423915e+00	1.196943687239805598e+01	1.000001422550902702e+07	1.059323540837820619e+07	8.663394980127625167e+05	1.165903259307670034e+07	1.563506661497560330e+07	1.661051864305991554e-01	1.759588839307194563e-01	2.127735581146029953e-01	2.910594984314143763e-02
1.541750825393751079e+01	8.676358514928423915e+00	1.299431017882556105e+01	1.000001169278926961e+07	1.059323272541236319e+07	8.269715655135344714e+05	1.165902964017468318e+07	1.450963400195683725e+07	1.465147713618851766e-01	1.552063255952173537e-01	1.868037845538886021e-01	2.676992898520375377e-02
1.607041923189443366e+01	8.676358514928423915e+00	1.399491255352665142e+01	1.000000964808002673e+07	1.059323055940680765e+07	7.914223239185451530e+05	1.165902725624490157e+07	1.346308083966806531e+07	1.293725899244434485e-01	1.370472350894528235e-01	1.645422214161516572e-01	2.463888761709936981e-02
1.674315611223093114e+01	8.676358514928423915e+00	1.497531296801767375e+01	1.000000796020677499e+07	1.059322877140548266e+07	7.592050493342147674e+05	1.165902528835077584e+07	1.248546662168332562e+07	1.143962632916687983e-01	1.211824823004966217e-01	1.454145646299719041e-01	2.269868944372226832e-02
1.743422525083726526e+01	8.676358514928423915e+00	1.593831047008151813e+01	1.000000646715085581e+07	1.059322718977844901e+07	7.299309422859635670e+05	1.165902354759448953e+07	1.156905305322209746e+07	1.013248093379746778e-01	1.073356031122613130e-01	1.289436445432474432e-01	2.093486023398785645e-02
1.814209230140588147e+01	8.676358514928423915e+00	1.688579726244849510e+01	1.000000510048705712e+07	1.059322574204137549e+07	7.032817348269618815e+05	1.165902195419897884e+07	1.070766154757334478e+07	8.992109311419634043e-02	9.525539524808934733e-02	1.147302834935405857e-01	1.933305861513137311e-02
1.886518562206390470e+01	8.676358514928423915e+00	1.781900214135142591e+01	1.000000398382723890e+07	1.059322455913902447e+07	6.789909484216970159e+05	1.165902065228351206e+07	9.896210347606025636e+06	7.997244933399307032e-02	8.471657768431470337e-02	1.024389909636654050e-01	1.787940648106271790e-02
1.960189976481116503e+01	8.676358514928423915e+00	1.873863648218063105e+01	1.000000308809618466e+07	1.059322361027138308e+07	6.568313323408418801e+05	1.165901960794923827e+07	9.130455905410742387e+06	7.129008205294010136e-02	7.551915471709756689e-02	9.178696418227780263e-02	1.656070787541965086e-02
2.035059904001617426e+01	8.676358514928423915e+00	1.964500733890007567e+01	1.000000236189536005e+07	1.059322284099084884e+07	6.366061105192076648e+05	1.165901876127053797e+07	8.406811185047423467e+06	6.370770822479096540e-02	6.748697905168535294e-02	8.253532777378175256e-02	1.536458370555802630e-02
2.110962114805623102e+01	8.676358514928423915e+00	2.053811270828666480e+01	1.000000175955905020e+07	1.059322220292272419e+07	6.181427638262582477e+05	1.165901805900566839e+07	7.722204347287648357e+06	5.707977226142857408e-02	6.046586044642857788e-02	7.448200929111564728e-02	1.427954234385889198e-02
2.187728087003820931e+01	8.676358514928423915e+00	2.141772033741390402e+01	1.000000125742786005e+07	1.059322167100409046e+07	6.012885563480235869e+05	1.165901747357011028e+07	7.073964870791867375e+06	5.127946668625731064e-02	5.432146894730647407e-02	6.745586662783840948e-02	1.329500362564601385e-02
2.265187380940600548e+01	8.676358514928423915e+00	2.228343376882121163e+01	1.000000084920785949e+07	1.059322123856764846e+07	5.859069129647428636e+05	1.165901699762575701e+07	6.459724003347790800e+06	4.619671653830590557e-02	4.893719972278168240e-02	6.131176630848897413e-02	1.240128990859260677e-02
2.343168017612706322e+01	8.676358514928423915e+00	2.313472549394408162e+01	1.000000052610334568e+07	1.059322089629591815e+07	5.718746902498918353e+05	1.165901662091768906e+07	5.877377619925585575e+06	4.173622862616700735e-02	4.421210659551590150e-02	5.592648015613785328e-02	1.158959477898655749e-02
2.421496860505636306e+01	8.676358514928423915e+00	2.397096945455135142e+01	1.000000028235127032e+07	1.059322063808397390e+07	5.590802006090629147e+05	1.165901633672675490e+07	5.325052195870513096e+06	3.781566604630454825e-02	4.005896826939041311e-02	5.119526135016187751e-02	1.085193745696823829e-02
2.500000000000000000e+01	8.676358514928423915e+00	2.479145706699415541e+01	1.000004165528011136e+07	1.059326446533910185e+07	5.474235043914358830e+05	1.165906457349071652e+07	4.801115539972973056e+06	3.436412228034124716e-02	3.640267190714115142e-02	4.702912470896424002e-02	1.018115108332236403e-02
