  13 Wind speed [m/s]          Pitch [deg]
             0.0             2.589044
			 4.0             2.589044
             5.0             1.354922
             6.0             0.000000
             7.0             0.000000
             8.0             0.000000
            11.0             0.000000
            12.0             1.000000
            14.0             2.000000
            16.0             4.000000
            18.0             6.000000
            26.0            12.000000
            50.0            25.000000
