# ----- Rotor performance tables for the WISDEM tuning wind turbine ----- 
# ------------ Written on Feb-18-21 using the ROSCO toolbox ------------ 

# Pitch angle vector, 20 entries - x axis (matrix columns) (deg)
-5.0   -3.158   -1.316   0.5263   2.368   4.211   6.053   7.895   9.737   11.58   13.42   15.26   17.11   18.95   20.79   22.63   24.47   26.32   28.16   30.0   
# TSR vector, 20 entries - y axis (matrix rows) (-)
2.0    2.526    3.053    3.579    4.105    4.632    5.158    5.684    6.211    6.737    7.263    7.789    8.316    8.842    9.368    9.895    10.42    10.95    11.47    12.0    
# Wind speed vector - z axis (m/s)
10.88    

# Power coefficient

0.007921   0.011693   0.015579   0.019543   0.023533   0.027514   0.031470   0.035454   0.039600   0.043982   0.048460   0.052707   0.056363   0.059120   0.060717   0.060963   0.059796   0.057302   0.053655   0.049049   
0.020297   0.027065   0.033787   0.040431   0.047058   0.053942   0.061300   0.068916   0.076170   0.082346   0.086793   0.088987   0.088686   0.086023   0.081393   0.075235   0.067867   0.059488   0.050216   0.040141   
0.040228   0.050593   0.060914   0.071690   0.083293   0.095312   0.106638   0.115931   0.121867   0.123636   0.121367   0.115809   0.107832   0.098102   0.086973   0.074605   0.061099   0.046539   0.031072   0.014875   
0.067901   0.083411   0.100046   0.117810   0.135365   0.150461   0.160485   0.163885   0.161106   0.153572   0.142727   0.129646   0.114848   0.098514   0.080715   0.061507   0.041050   0.019521   -0.002647   -0.025195   
0.105284   0.129300   0.154699   0.179001   0.197942   0.207663   0.207823   0.200517   0.188002   0.172162   0.154104   0.134184   0.112453   0.088893   0.063598   0.036678   0.008583   -0.020495   -0.049733   -0.077894   
0.155784   0.190480   0.223082   0.246635   0.256544   0.254271   0.243193   0.226250   0.205799   0.183017   0.158109   0.130990   0.101616   0.069955   0.036297   0.000858   -0.035768   -0.072819   -0.108728   -0.140671   
0.220843   0.263723   0.293884   0.305883   0.302869   0.289344   0.268927   0.244529   0.217550   0.188042   0.155871   0.120859   0.082880   0.042234   -0.000948   -0.045715   -0.091676   -0.136766   -0.177792   -0.211758   
0.296088   0.335745   0.352797   0.351598   0.337793   0.315552   0.288356   0.258057   0.224732   0.188162   0.148034   0.104268   0.056577   0.005810   -0.047857   -0.103199   -0.158973   -0.211189   -0.255864   -0.291751   
0.365979   0.391852   0.396095   0.385376   0.364108   0.336066   0.303916   0.268015   0.228141   0.183874   0.135033   0.081140   0.022798   -0.039536   -0.104732   -0.171778   -0.237072   -0.295574   -0.343256   -0.381638   
0.412977   0.428227   0.425815   0.410091   0.384706   0.353111   0.316596   0.275084   0.228294   0.175552   0.116785   0.051602   -0.018770   -0.093692   -0.171872   -0.251090   -0.325977   -0.389685   -0.440952   -0.482896   
0.432881   0.447003   0.444741   0.428272   0.401545   0.367565   0.326967   0.279800   0.225188   0.163163   0.092974   0.015664   -0.068142   -0.156894   -0.249532   -0.341515   -0.425288   -0.494404   -0.549871   -0.596376   
0.432852   0.451228   0.454762   0.441416   0.415466   0.379892   0.335585   0.282088   0.219097   0.146303   0.064025   -0.027012   -0.125255   -0.229927   -0.338020   -0.443192   -0.535483   -0.610344   -0.670995   -0.723445   
0.418481   0.443596   0.456538   0.450067   0.426836   0.390656   0.342432   0.281884   0.209592   0.125362   0.029624   -0.076091   -0.191100   -0.312898   -0.437770   -0.556135   -0.657014   -0.738287   -0.805508   -0.865186   
0.396155   0.426368   0.449911   0.454424   0.436131   0.399736   0.346897   0.279282   0.197092   0.100229   -0.009870   -0.132636   -0.265593   -0.406482   -0.548818   -0.680609   -0.790477   -0.879349   -0.954178   -1.022920   
0.370505   0.404092   0.435844   0.454494   0.442997   0.406520   0.349601   0.274634   0.181457   0.071272   -0.055507   -0.196477   -0.349428   -0.510709   -0.671594   -0.816956   -0.936846   -1.034234   -1.118137   -1.197800   
0.341450   0.380261   0.417152   0.449044   0.446614   0.411164   0.350630   0.267698   0.163171   0.037448   -0.107095   -0.268190   -0.442657   -0.626088   -0.806329   -0.966048   -1.096675   -1.203928   -1.298320   -1.390994   
0.309305   0.355113   0.396964   0.436461   0.446925   0.414296   0.350414   0.259120   0.141084   -0.001027   -0.165045   -0.347764   -0.545835   -0.752846   -0.953745   -1.128309   -1.270839   -1.389170   -1.495708   -1.603640   
0.273755   0.327579   0.374972   0.419314   0.444300   0.416157   0.349014   0.247560   0.115661   -0.044417   -0.229309   -0.435579   -0.659229   -0.891720   -1.114066   -1.304521   -1.459994   -1.590771   -1.711326   -1.836866   
0.233969   0.296800   0.351093   0.400778   0.438771   0.416906   0.345064   0.233750   0.086539   -0.092628   -0.300071   -0.532010   -0.783425   -1.043017   -1.287886   -1.495245   -1.664845   -1.809576   -1.946227   -2.091835   
0.189445   0.262594   0.325569   0.382036   0.429473   0.414753   0.339543   0.217186   0.053940   -0.145745   -0.377786   -0.637361   -0.918878   -1.207251   -1.475676   -1.701075   -1.886121   -2.046445   -2.201475   -2.369708   


#  Thrust coefficient

0.072501   0.072384   0.072304   0.072281   0.072334   0.072472   0.072707   0.073109   0.073810   0.074882   0.076217   0.077532   0.078510   0.078863   0.078325   0.076681   0.073835   0.069847   0.064865   0.059063   
0.095294   0.095932   0.096714   0.097648   0.098823   0.100484   0.102841   0.105746   0.108673   0.110980   0.112048   0.111328   0.108520   0.103671   0.097099   0.089194   0.080249   0.070454   0.059932   0.048782   
0.126204   0.128091   0.130367   0.133452   0.137731   0.142936   0.148138   0.152112   0.153544   0.151534   0.146049   0.137674   0.127163   0.115121   0.101887   0.087628   0.072473   0.056543   0.040032   0.023167   
0.166018   0.170281   0.176191   0.183945   0.192524   0.199921   0.203546   0.201651   0.194388   0.182917   0.168503   0.152132   0.134305   0.115224   0.095021   0.073816   0.051848   0.029384   0.006941   -0.015200   
0.216703   0.226061   0.238067   0.250777   0.260139   0.262017   0.255566   0.242467   0.224711   0.204021   0.181444   0.157365   0.131917   0.105182   0.077376   0.048740   0.019865   -0.009007   -0.036931   -0.062719   
0.281807   0.298837   0.316611   0.328173   0.328106   0.317087   0.298092   0.273864   0.246610   0.217475   0.186755   0.154488   0.120799   0.085833   0.050084   0.013892   -0.021987   -0.056732   -0.088850   -0.115826   
0.364734   0.388742   0.403777   0.402728   0.387746   0.363090   0.332343   0.298300   0.262344   0.224653   0.185278   0.144265   0.101727   0.058228   0.014081   -0.029569   -0.072256   -0.112031   -0.146056   -0.171773   
0.465714   0.486328   0.486144   0.468336   0.438691   0.401677   0.360792   0.317819   0.272984   0.226291   0.177699   0.127458   0.075516   0.023093   -0.029500   -0.080844   -0.129838   -0.172846   -0.206648   -0.230314   
0.574344   0.577479   0.558591   0.525257   0.482794   0.435307   0.385326   0.333290   0.279209   0.222953   0.164720   0.104336   0.042812   -0.019122   -0.080143   -0.139279   -0.193239   -0.237953   -0.270160   -0.291408   
0.673727   0.656498   0.621711   0.575515   0.522405   0.465760   0.406705   0.345324   0.281635   0.215236   0.146548   0.075514   0.003871   -0.067572   -0.137418   -0.203647   -0.261803   -0.306359   -0.336691   -0.355529   
0.756673   0.724021   0.677584   0.621293   0.559195   0.493752   0.425461   0.354568   0.280333   0.203335   0.123162   0.041505   -0.040773   -0.121861   -0.200810   -0.273668   -0.334403   -0.378206   -0.406322   -0.422504   
0.827581   0.782656   0.728096   0.664046   0.593905   0.519737   0.442261   0.360964   0.275846   0.187027   0.095475   0.002321   -0.090464   -0.182158   -0.269948   -0.348745   -0.410888   -0.453374   -0.479118   -0.492681   
0.891725   0.835547   0.774304   0.704387   0.626940   0.544427   0.457147   0.364603   0.267803   0.167069   0.063376   -0.041137   -0.145733   -0.247907   -0.344594   -0.428318   -0.491055   -0.531856   -0.555360   -0.566124   
0.953237   0.885012   0.816608   0.742685   0.659014   0.567792   0.469448   0.365675   0.256896   0.143499   0.027739   -0.089606   -0.205908   -0.319183   -0.424200   -0.512067   -0.574802   -0.613971   -0.634935   -0.643111   
1.014539   0.933400   0.856554   0.779450   0.689937   0.589112   0.480004   0.364695   0.243056   0.117131   -0.012283   -0.142420   -0.271195   -0.395459   -0.508614   -0.599717   -0.662405   -0.699639   -0.718057   -0.723788   
1.076194   0.982890   0.895344   0.813932   0.718785   0.608658   0.488903   0.361428   0.227175   0.087015   -0.056077   -0.199777   -0.341144   -0.476708   -0.597476   -0.691516   -0.753726   -0.789031   -0.804780   -0.808298   
1.139465   1.034421   0.935409   0.844655   0.745661   0.627177   0.496766   0.356895   0.208090   0.053725   -0.103782   -0.261253   -0.415829   -0.562593   -0.690938   -0.787274   -0.848923   -0.882118   -0.895188   -0.896747   
1.204915   1.087435   0.975582   0.873329   0.771185   0.645128   0.503784   0.349637   0.186580   0.017177   -0.155027   -0.326835   -0.495010   -0.653304   -0.788689   -0.887125   -0.947969   -0.978922   -0.989396   -0.989232   
1.272058   1.140896   1.016000   0.902188   0.795771   0.662697   0.508462   0.340685   0.162379   -0.022293   -0.209673   -0.396491   -0.578790   -0.748632   -0.890752   -0.991024   -1.050872   -1.079493   -1.087530   -1.085871   
1.339889   1.194861   1.057365   0.932431   0.818561   0.677997   0.512083   0.329557   0.135888   -0.064521   -0.267876   -0.470112   -0.667150   -0.848554   -0.997058   -1.098945   -1.157655   -1.183890   -1.189721   -1.186776   


# Torque coefficient

0.003987   0.005886   0.007843   0.009839   0.011847   0.013851   0.015843   0.017848   0.019935   0.022142   0.024396   0.026534   0.028375   0.029763   0.030566   0.030690   0.030103   0.028847   0.027011   0.024693   
0.008089   0.010787   0.013466   0.016114   0.018755   0.021498   0.024431   0.027466   0.030357   0.032819   0.034591   0.035465   0.035345   0.034284   0.032439   0.029984   0.027048   0.023708   0.020013   0.015998   
0.013268   0.016687   0.020091   0.023645   0.027472   0.031437   0.035172   0.038238   0.040195   0.040779   0.040030   0.038197   0.035566   0.032357   0.028686   0.024607   0.020152   0.015350   0.010249   0.004906   
0.019102   0.023466   0.028145   0.033143   0.038082   0.042328   0.045149   0.046105   0.045323   0.043204   0.040153   0.036473   0.032310   0.027714   0.022707   0.017304   0.011548   0.005492   -0.000745   -0.007088   
0.025822   0.031712   0.037941   0.043901   0.048547   0.050931   0.050970   0.049179   0.046109   0.042224   0.037795   0.032910   0.027580   0.021802   0.015598   0.008995   0.002105   -0.005027   -0.012198   -0.019104   
0.033865   0.041408   0.048495   0.053615   0.055770   0.055275   0.052867   0.049184   0.044738   0.039786   0.034371   0.028476   0.022090   0.015207   0.007890   0.000187   -0.007776   -0.015830   -0.023636   -0.030580   
0.043110   0.051480   0.057368   0.059710   0.059122   0.056482   0.052496   0.047733   0.042467   0.036707   0.030427   0.023592   0.016179   0.008244   -0.000185   -0.008924   -0.017896   -0.026697   -0.034706   -0.041336   
0.052446   0.059471   0.062491   0.062279   0.059834   0.055894   0.051077   0.045710   0.039807   0.033329   0.026221   0.018469   0.010022   0.001029   -0.008477   -0.018280   -0.028159   -0.037408   -0.045321   -0.051678   
0.059332   0.063527   0.064215   0.062477   0.059029   0.054483   0.049271   0.043450   0.036986   0.029810   0.021892   0.013154   0.003696   -0.006410   -0.016979   -0.027849   -0.038434   -0.047918   -0.055649   -0.061871   
0.061721   0.064000   0.063640   0.061290   0.057496   0.052774   0.047317   0.041112   0.034120   0.026237   0.017454   0.007712   -0.002805   -0.014003   -0.025687   -0.037526   -0.048719   -0.058240   -0.065902   -0.072171   
0.060008   0.061965   0.061652   0.059369   0.055664   0.050953   0.045325   0.038787   0.031217   0.022618   0.012888   0.002171   -0.009446   -0.021749   -0.034591   -0.047342   -0.058955   -0.068536   -0.076225   -0.082672   
0.055949   0.058325   0.058781   0.057056   0.053702   0.049104   0.043377   0.036462   0.028320   0.018911   0.008276   -0.003491   -0.016190   -0.029720   -0.043692   -0.057286   -0.069215   -0.078892   -0.086731   -0.093511   
0.050668   0.053709   0.055276   0.054493   0.051680   0.047299   0.041461   0.034130   0.025377   0.015178   0.003587   -0.009213   -0.023138   -0.037885   -0.053004   -0.067335   -0.079549   -0.089389   -0.097528   -0.104754   
0.045110   0.048550   0.051231   0.051745   0.049662   0.045518   0.039501   0.031802   0.022443   0.011413   -0.001124   -0.015103   -0.030243   -0.046286   -0.062494   -0.077501   -0.090011   -0.100131   -0.108652   -0.116480   
0.039819   0.043429   0.046841   0.048846   0.047610   0.043690   0.037572   0.029516   0.019502   0.007660   -0.005965   -0.021116   -0.037554   -0.054887   -0.072178   -0.087800   -0.100685   -0.111152   -0.120169   -0.128731   
0.034745   0.038694   0.042448   0.045693   0.045446   0.041838   0.035679   0.027240   0.016604   0.003811   -0.010898   -0.027290   -0.045043   -0.063708   -0.082049   -0.098301   -0.111593   -0.122507   -0.132112   -0.141542   
0.029884   0.034310   0.038353   0.042169   0.043180   0.040028   0.033856   0.025035   0.013631   -0.000099   -0.015946   -0.033600   -0.052737   -0.072738   -0.092148   -0.109014   -0.122784   -0.134217   -0.144511   -0.154939   
0.025178   0.030128   0.034487   0.038565   0.040863   0.038275   0.032099   0.022769   0.010638   -0.004085   -0.021090   -0.040061   -0.060630   -0.082013   -0.102463   -0.119979   -0.134278   -0.146306   -0.157394   -0.168940   
0.020531   0.026045   0.030809   0.035169   0.038503   0.036585   0.030280   0.020512   0.007594   -0.008128   -0.026332   -0.046685   -0.068748   -0.091528   -0.113016   -0.131212   -0.146095   -0.158795   -0.170787   -0.183565   
0.015895   0.022033   0.027317   0.032054   0.036035   0.034799   0.028489   0.018223   0.004526   -0.012229   -0.031698   -0.053477   -0.077098   -0.101293   -0.123815   -0.142727   -0.158253   -0.171705   -0.184713   -0.198828   

