1  number of sets, Nset
-----------------
#1 written using the HAWC2 OpenMDAO wrapper
Case ID: iea10mw_rc1_hawc2
================================================================================================================================================================================================================================================================================================================================================================================================================================================================================================
          r [0]                   m [1]                 x_cg [2]                y_cg [3]                ri_x [4]                ri_y [5]                x_sh [6]                y_sh [7]                  E [8]                   G [9]                  I_x [10]                 I_y [11]                  K [12]                  k_x [13]                 k_y [14]                  A [15]                 pitch [16]                x_e [17]                 y_e [18]        
================================================================================================================================================================================================================================================================================================================================================================================================================================================================================================
$1 19
   0.000000000000000e+00    2.333404502540000e+03   -1.307627994970000e-02   -5.766689541590000e-07    1.592444215120000e+00    1.602263853480000e+00   -1.365345328640000e-02   -8.289323259840000e-07    3.810095280380000e+10    5.405908487680000e+09    3.108798732190000e+00    3.150072277960000e+00    6.767809325520000e+00    5.401860277630000e-01    5.419164093730000e-01    1.226525462060000e+00   -1.362272189910000e-03   -1.408878380830000e-02   -5.749159975580000e-07
   9.675777100018795e-01    2.313023961670000e+03   -1.245195952836179e-02    1.915721032810000e-04    1.589155111580000e+00    1.601007092630000e+00   -1.194947443666180e-02    2.479155986510000e-04    3.807744435620000e+10    5.397615554750000e+09    3.072673390900000e+00    3.120346090750000e+00    6.692743265150000e+00    5.406756048930000e-01    5.408461846820000e-01    1.217079592890000e+00   -1.607776019150000e+00   -1.405524593146179e-02    8.917235356559999e-05
   2.902730936713757e+00    1.330223347880000e+03   -6.634347137321235e-02    2.088539944350000e-03    1.360624135920000e+00    1.716305487930000e+00   -1.117358118561124e-01    1.177619419550000e-02    2.080756708830000e+10    3.480223396360000e+09    2.035818086330000e+00    3.492140035150000e+00    5.435807055200000e+00    5.435478236680000e-01    5.036535285030000e-01    1.119262285850000e+00   -8.219703085300000e+01   -9.317968554691235e-02    1.758827955910000e-03
   4.837882991030012e+00    1.301122549750000e+03   -3.073622034526862e-02    8.528005084910001e-03    1.341685792410000e+00    1.613793688140000e+00   -5.178357260936862e-02    2.370329264090000e-02    1.697491727090000e+10    2.913120638980000e+09    2.365868465900000e+00    3.622135128650000e+00    5.852440478500000e+00    5.446635154790000e-01    5.356152375900000e-01    1.296099539640000e+00   -8.070852737849999e+01   -6.561990403666862e-02    8.218385428820000e-03
   9.675767231558815e+00    1.049160717990000e+03    1.337663057273287e-01    3.706333047920000e-02    1.212707463820000e+00    1.357499154470000e+00    3.188928729491287e-01    7.398658530850000e-02    1.548752817100000e+10    2.648423345200000e+09    1.798431332430000e+00    2.143120841030000e+00    3.148917282180000e+00    5.827125604480000e-01    3.854437671310000e-01    1.148548673720000e+00   -2.665618924800000e+01    1.202979038893287e-01    3.601177015600000e-02
   1.451365072524337e+01    8.960972594789999e+02    3.121874453300307e-01    5.010220994820000e-02    9.162615778550000e-01    1.444318955230000e+00    8.628686732290307e-01    1.017281666220000e-01    1.400948549440000e+10    2.287485553790000e+09    1.027829601540000e+00    2.231344613570000e+00    1.554327456940000e+00    5.447807187300000e-01    2.645799972650000e-01    1.101425832510000e+00   -4.391394925660000e+00    3.216802729930308e-01    4.656018550670000e-02
   1.935153416253213e+01    7.728262253600000e+02    4.291107836390773e-01    4.328243602140000e-02    7.946990342170001e-01    1.532930351500000e+00    1.074851627980077e+00    8.065971351640000e-02    1.166839793590000e+10    1.897582760910000e+09    7.946756311380000e-01    2.563852611400000e+00    1.099728619620000e+00    4.491138878650000e-01    2.447207108470000e-01    1.110785112730000e+00   -1.530014249020000e+00    4.698972657910773e-01    3.926809981450000e-02
   2.418941762223073e+01    6.491027656700001e+02    5.096636508403626e-01    2.795555569520000e-02    7.494134116209999e-01    1.503508557950000e+00    1.167378438395362e+00    7.097896823619999e-02    1.039419277770000e+10    1.662917087120000e+09    6.628419457560000e-01    2.309561071780000e+00    7.404942386090000e-01    3.218768462000000e-01    2.667388601000000e-01    1.026282469460000e+00   -7.742660527470000e-01    5.629335061733625e-01    2.237143015720000e-02
   3.144624327948319e+01    5.411823681320000e+02    5.379834301156701e-01    2.174307181140000e-02    6.941771269170000e-01    1.342939992340000e+00    1.119321886411670e+00    6.622442802370000e-02    1.015626682120000e+10    1.580646645340000e+09    4.861681512190000e-01    1.575594140180000e+00    4.425705114020000e-01    2.203022270510000e-01    3.072602992670000e-01    8.723514926590000e-01   -8.195782228550000e-02    5.944609355256700e-01    1.565436830810000e-02
   3.870306583270713e+01    4.755123526550000e+02    4.803897728024475e-01    1.775704469150000e-02    6.099438933470001e-01    1.153979645840000e+00    9.419527353944476e-01    5.449790173270000e-02    1.139561576580000e+10    1.736733419020000e+09    2.981293324420000e-01    9.289522236790000e-01    2.858243164030000e-01    2.315820467680000e-01    3.085274475950000e-01    7.018940721480000e-01    2.871929630430000e-01    5.298038545564475e-01    1.251238278980000e-02
   4.595988768579684e+01    4.100044416370000e+02    4.049425546379802e-01    1.124036721010000e-02    4.983571998060000e-01    9.543324553840000e-01    7.467607244377802e-01    3.881773935880000e-02    1.319017357150000e+10    1.961058008080000e+09    1.511347876100000e-01    4.851192064820000e-01    1.591373390000000e-01    2.727689608270000e-01    2.784449451730000e-01    5.427606743240000e-01    4.295861607350000e-01    4.411960449176802e-01    7.115556590340000e-03
   5.321669698772080e+01    3.457378161340000e+02    3.438415249696481e-01    1.128945879840000e-02    3.865814817940000e-01    7.709152182000000e-01    5.918713744056481e-01    3.064488331200000e-02    1.595961413150000e+10    2.324208737820000e+09    6.461243041000000e-02    2.288775473220000e-01    7.626296594949999e-02    3.414895418850000e-01    2.372334638480000e-01    3.937032317060000e-01    5.768894784130000e-01    3.656880641576481e-01    8.459059269919999e-03
   6.047345739576306e+01    2.882976283880000e+02    2.940667237104998e-01    1.586209995360000e-02    2.912155157310000e-01    6.197445638590000e-01    4.720956081814998e-01    2.973402316040000e-02    1.958075124770000e+10    2.810840468560000e+09    2.533613273890000e-02    1.033568492700000e-01    3.369084036380000e-02    4.293993602230000e-01    1.973786376190000e-01    2.768043097950000e-01    7.185957246750000e-01    3.062045554404998e-01    1.410036762380000e-02
   6.773017972111296e+01    2.333853518660000e+02    2.532931355479499e-01    1.960784043700000e-02    2.217317966090000e-01    5.006631989000000e-01    3.518813596459498e-01    3.052459388430000e-02    2.321509263740000e+10    3.308376125910000e+09    1.014239337320000e-02    4.693830457210000e-02    1.527971674160000e-02    5.138405190330000e-01    1.839638962550000e-01    1.935735338930000e-01    8.753335210770000e-01    2.587621741869498e-01    1.859767283720000e-02
   7.498676523057944e+01    1.784026035450000e+02    2.203058832206979e-01    1.978772987520000e-02    1.746671010930000e-01    4.156199873140000e-01    3.602871865246978e-01    2.857857932310000e-02    2.628228914890000e+10    3.775732894120000e+09    4.268376774220000e-03    2.182572647750000e-02    6.902145616570000e-03    5.911590563750000e-01    1.530655051290000e-01    1.319419356760000e-01    8.496154271230000e-01    2.224213335806978e-01    1.917227864730000e-02
   8.224308394855960e+01    1.252783592050000e+02    1.901272936549701e-01    1.739660356850000e-02    1.435744999640000e-01    3.521571901890000e-01    3.250015934379701e-01    2.453676091770000e-02    2.917547636840000e+10    4.291653638520000e+09    1.824096072990000e-03    9.667257864139999e-03    3.386338964840000e-03    6.663620925420000e-01    1.590042812940000e-01    8.329300397690000e-02    6.402258032940000e-01    1.906641844969701e-01    1.697494589290000e-02
   8.949803483299870e+01    7.200202895750000e+01    1.437945919232745e-01    1.697799420060000e-02    1.106269764380000e-01    3.021987122140000e-01    2.728481157642745e-01    2.307839780840000e-02    3.039047792460000e+10    4.782563381780000e+09    5.931527389850000e-04    3.620074208850000e-03    1.313091323200000e-03    7.432470003360000e-01    1.619118156880000e-01    4.482051912170000e-02    2.302921934210000e-01    1.448162374502745e-01    1.681139276410000e-02
   9.481716856442092e+01    2.847406000720000e+01    5.728009962736882e-02    1.281103894540000e-02    6.244129804670000e-02    2.346924790730000e-01    1.774619914678688e-01    1.601528672860000e-02    2.871622464090000e+10    5.099269654240000e+09    7.829069343050000e-05    8.471183076810000e-04    2.076345253790000e-04    7.193595248690000e-01    1.195179844270000e-01    1.787774425500000e-02   -4.694508096830000e-01    6.381004333946882e-02    1.300703219670000e-02
   9.675213186972046e+01    1.991146857850000e+00    2.136295976854965e-03    1.333012711830000e-03    5.999875920390000e-03    2.744558104970000e-02    1.232279862582496e-02    2.049147687820000e-03    2.032981011110000e+10    6.863288022160000e+09    5.013222275790000e-08    9.888672524500000e-07    1.483157733930000e-07    5.579297928100000e-01    5.388483584400000e-02    1.358410266980000e-03   -1.422195786760000e-01    1.529364842424964e-03    1.353404720070000e-03
================================================================================================================================================================================================================================================================================================================================================================================================================================================================================================
          r [0]                   m [1]                 x_cg [2]                y_cg [3]                ri_x [4]                ri_y [5]                x_sh [6]                y_sh [7]                  E [8]                   G [9]                  I_x [10]                 I_y [11]                  K [12]                  k_x [13]                 k_y [14]                  A [15]                 pitch [16]                x_e [17]                 y_e [18]        
================================================================================================================================================================================================================================================================================================================================================================================================================================================================================================
$2 19
   0.000000000000000e+00    2.333404502540000e+03   -1.307627994970000e-02   -5.766689541590000e-07    1.592444215120000e+00    1.602263853480000e+00   -1.365345328640000e-02   -8.289323259840000e-07    3.810095280380000e+15    5.405908487680000e+14    3.108798732190000e+00    3.150072277960000e+00    6.767809325520000e+00    5.401860277630000e-01    5.419164093730000e-01    1.226525462060000e+00   -1.362272189910000e-03   -1.408878380830000e-02   -5.749159975580000e-07
   9.675777100018795e-01    2.313023961670000e+03   -1.245195952836179e-02    1.915721032810000e-04    1.589155111580000e+00    1.601007092630000e+00   -1.194947443666180e-02    2.479155986510000e-04    3.807744435620000e+15    5.397615554750000e+14    3.072673390900000e+00    3.120346090750000e+00    6.692743265150000e+00    5.406756048930000e-01    5.408461846820000e-01    1.217079592890000e+00   -1.607776019150000e+00   -1.405524593146179e-02    8.917235356559999e-05
   2.902730936713757e+00    1.330223347880000e+03   -6.634347137321235e-02    2.088539944350000e-03    1.360624135920000e+00    1.716305487930000e+00   -1.117358118561124e-01    1.177619419550000e-02    2.080756708830000e+15    3.480223396360000e+14    2.035818086330000e+00    3.492140035150000e+00    5.435807055200000e+00    5.435478236680000e-01    5.036535285030000e-01    1.119262285850000e+00   -8.219703085300000e+01   -9.317968554691235e-02    1.758827955910000e-03
   4.837882991030012e+00    1.301122549750000e+03   -3.073622034526862e-02    8.528005084910001e-03    1.341685792410000e+00    1.613793688140000e+00   -5.178357260936862e-02    2.370329264090000e-02    1.697491727090000e+15    2.913120638980000e+14    2.365868465900000e+00    3.622135128650000e+00    5.852440478500000e+00    5.446635154790000e-01    5.356152375900000e-01    1.296099539640000e+00   -8.070852737849999e+01   -6.561990403666862e-02    8.218385428820000e-03
   9.675767231558815e+00    1.049160717990000e+03    1.337663057273287e-01    3.706333047920000e-02    1.212707463820000e+00    1.357499154470000e+00    3.188928729491287e-01    7.398658530850000e-02    1.548752817100000e+15    2.648423345200000e+14    1.798431332430000e+00    2.143120841030000e+00    3.148917282180000e+00    5.827125604480000e-01    3.854437671310000e-01    1.148548673720000e+00   -2.665618924800000e+01    1.202979038893287e-01    3.601177015600000e-02
   1.451365072524337e+01    8.960972594789999e+02    3.121874453300307e-01    5.010220994820000e-02    9.162615778550000e-01    1.444318955230000e+00    8.628686732290307e-01    1.017281666220000e-01    1.400948549440000e+15    2.287485553790000e+14    1.027829601540000e+00    2.231344613570000e+00    1.554327456940000e+00    5.447807187300000e-01    2.645799972650000e-01    1.101425832510000e+00   -4.391394925660000e+00    3.216802729930308e-01    4.656018550670000e-02
   1.935153416253213e+01    7.728262253600000e+02    4.291107836390773e-01    4.328243602140000e-02    7.946990342170001e-01    1.532930351500000e+00    1.074851627980077e+00    8.065971351640000e-02    1.166839793590000e+15    1.897582760910000e+14    7.946756311380000e-01    2.563852611400000e+00    1.099728619620000e+00    4.491138878650000e-01    2.447207108470000e-01    1.110785112730000e+00   -1.530014249020000e+00    4.698972657910773e-01    3.926809981450000e-02
   2.418941762223073e+01    6.491027656700001e+02    5.096636508403626e-01    2.795555569520000e-02    7.494134116209999e-01    1.503508557950000e+00    1.167378438395362e+00    7.097896823619999e-02    1.039419277770000e+15    1.662917087120000e+14    6.628419457560000e-01    2.309561071780000e+00    7.404942386090000e-01    3.218768462000000e-01    2.667388601000000e-01    1.026282469460000e+00   -7.742660527470000e-01    5.629335061733625e-01    2.237143015720000e-02
   3.144624327948319e+01    5.411823681320000e+02    5.379834301156701e-01    2.174307181140000e-02    6.941771269170000e-01    1.342939992340000e+00    1.119321886411670e+00    6.622442802370000e-02    1.015626682120000e+15    1.580646645340000e+14    4.861681512190000e-01    1.575594140180000e+00    4.425705114020000e-01    2.203022270510000e-01    3.072602992670000e-01    8.723514926590000e-01   -8.195782228550000e-02    5.944609355256700e-01    1.565436830810000e-02
   3.870306583270713e+01    4.755123526550000e+02    4.803897728024475e-01    1.775704469150000e-02    6.099438933470001e-01    1.153979645840000e+00    9.419527353944476e-01    5.449790173270000e-02    1.139561576580000e+15    1.736733419020000e+14    2.981293324420000e-01    9.289522236790000e-01    2.858243164030000e-01    2.315820467680000e-01    3.085274475950000e-01    7.018940721480000e-01    2.871929630430000e-01    5.298038545564475e-01    1.251238278980000e-02
   4.595988768579684e+01    4.100044416370000e+02    4.049425546379802e-01    1.124036721010000e-02    4.983571998060000e-01    9.543324553840000e-01    7.467607244377802e-01    3.881773935880000e-02    1.319017357150000e+15    1.961058008080000e+14    1.511347876100000e-01    4.851192064820000e-01    1.591373390000000e-01    2.727689608270000e-01    2.784449451730000e-01    5.427606743240000e-01    4.295861607350000e-01    4.411960449176802e-01    7.115556590340000e-03
   5.321669698772080e+01    3.457378161340000e+02    3.438415249696481e-01    1.128945879840000e-02    3.865814817940000e-01    7.709152182000000e-01    5.918713744056481e-01    3.064488331200000e-02    1.595961413150000e+15    2.324208737820000e+14    6.461243041000000e-02    2.288775473220000e-01    7.626296594949999e-02    3.414895418850000e-01    2.372334638480000e-01    3.937032317060000e-01    5.768894784130000e-01    3.656880641576481e-01    8.459059269919999e-03
   6.047345739576306e+01    2.882976283880000e+02    2.940667237104998e-01    1.586209995360000e-02    2.912155157310000e-01    6.197445638590000e-01    4.720956081814998e-01    2.973402316040000e-02    1.958075124770000e+15    2.810840468560000e+14    2.533613273890000e-02    1.033568492700000e-01    3.369084036380000e-02    4.293993602230000e-01    1.973786376190000e-01    2.768043097950000e-01    7.185957246750000e-01    3.062045554404998e-01    1.410036762380000e-02
   6.773017972111296e+01    2.333853518660000e+02    2.532931355479499e-01    1.960784043700000e-02    2.217317966090000e-01    5.006631989000000e-01    3.518813596459498e-01    3.052459388430000e-02    2.321509263740000e+15    3.308376125910000e+14    1.014239337320000e-02    4.693830457210000e-02    1.527971674160000e-02    5.138405190330000e-01    1.839638962550000e-01    1.935735338930000e-01    8.753335210770000e-01    2.587621741869498e-01    1.859767283720000e-02
   7.498676523057944e+01    1.784026035450000e+02    2.203058832206979e-01    1.978772987520000e-02    1.746671010930000e-01    4.156199873140000e-01    3.602871865246978e-01    2.857857932310000e-02    2.628228914890000e+15    3.775732894120000e+14    4.268376774220000e-03    2.182572647750000e-02    6.902145616570000e-03    5.911590563750000e-01    1.530655051290000e-01    1.319419356760000e-01    8.496154271230000e-01    2.224213335806978e-01    1.917227864730000e-02
   8.224308394855960e+01    1.252783592050000e+02    1.901272936549701e-01    1.739660356850000e-02    1.435744999640000e-01    3.521571901890000e-01    3.250015934379701e-01    2.453676091770000e-02    2.917547636840000e+15    4.291653638520000e+14    1.824096072990000e-03    9.667257864139999e-03    3.386338964840000e-03    6.663620925420000e-01    1.590042812940000e-01    8.329300397690000e-02    6.402258032940000e-01    1.906641844969701e-01    1.697494589290000e-02
   8.949803483299870e+01    7.200202895750000e+01    1.437945919232745e-01    1.697799420060000e-02    1.106269764380000e-01    3.021987122140000e-01    2.728481157642745e-01    2.307839780840000e-02    3.039047792460000e+15    4.782563381780000e+14    5.931527389850000e-04    3.620074208850000e-03    1.313091323200000e-03    7.432470003360000e-01    1.619118156880000e-01    4.482051912170000e-02    2.302921934210000e-01    1.448162374502745e-01    1.681139276410000e-02
   9.481716856442092e+01    2.847406000720000e+01    5.728009962736882e-02    1.281103894540000e-02    6.244129804670000e-02    2.346924790730000e-01    1.774619914678688e-01    1.601528672860000e-02    2.871622464090000e+15    5.099269654240000e+14    7.829069343050000e-05    8.471183076810000e-04    2.076345253790000e-04    7.193595248690000e-01    1.195179844270000e-01    1.787774425500000e-02   -4.694508096830000e-01    6.381004333946882e-02    1.300703219670000e-02
   9.675213186972046e+01    1.991146857850000e+00    2.136295976854965e-03    1.333012711830000e-03    5.999875920390000e-03    2.744558104970000e-02    1.232279862582496e-02    2.049147687820000e-03    2.032981011110000e+15    6.863288022160000e+14    5.013222275790000e-08    9.888672524500000e-07    1.483157733930000e-07    5.579297928100000e-01    5.388483584400000e-02    1.358410266980000e-03   -1.422195786760000e-01    1.529364842424964e-03    1.353404720070000e-03
